 0.4843735698824097
 0.483303494820414
 0.4833034873473529
 0.5163614505219357
 0.4833174043213174
 0.4833034877310739
 0.4833034876878205
 0.483304008448828
 0.9829364494091668
 0.4833088499627236
 0.4833034873085453
 0.6022326549994352
 0.4833034873020119
 0.9187274789267431
 0.8221162863966697
 0.4833034874851695
 0.4965811345829364
 0.656532969421209
 0.4851184374762801
 0.4833035068156956
 0.9612087986227571
 0.9824408807886574
 0.4833396033525009
 0.9814933664063126
 0.982739869292454
 0.7728471990536796
 0.4833083107935943
 0.4833043725326391
 0.4842661884749354
 0.9534343242823752
 0.4833034877791622
 0.9831528718207181
 0.4867199904146648
 0.4833034873020119
 0.9831851266822624
 0.4833034873030242
 0.4833037105589951
 0.4833053459222162
 0.4833034878326259
 0.4849365542217498
 0.4833125963580245
 0.4833034896449913
 0.982894710416931
 0.4941001793327662
 0.9775409266517923
 0.4833036055211128
 0.4833034873254851
 0.4833034875057704
 0.4833073896302233
 0.8826914096757548
 0.4834322680087765
 0.4833436401172062
 0.4833066443843143
 0.4833034873426797
 0.4833034879581499
 0.4879865554041097
 0.9831991741715383
 0.9832635450789556
 0.483303633427823
 0.9831851266822624
 0.4833034873114166
 0.4833396033525009
 0.9775409266517923
 0.4835221974503415
 0.9832635450789556
 0.4833034873041597
 0.4885045881848726
 0.4833226122153819
 0.4833034873583248
 0.4833034881133048
 0.6687161611148865
 0.4833101158399449
 0.4833034881133048
 0.4885045881848726
 0.9829740726534021
 0.4879865554041097
 0.4833036055211128
 0.9244559529170213
 0.4833034905222183
 0.9812916918999849
 0.4833037941076552
 0.4833034874349824
 0.4834322680087765
 0.4870989915926904
 0.694037342020327
 0.9652762395530022
 0.4833034905222183
 0.4840043960957026
 0.5369772238631941
 0.4833034873984621
 0.4833034873187828
 0.656532969421209
 0.4833034873014154
 0.9588597611036002
 0.4833160051071714
 0.4833034912826396
 0.4833036881121201
 0.9832450389225251
 0.9832720747228311
 0.4833034882041193